# TL export - Image Source Method (Deane & Buckingham)
# freq = 25.0 Hz | theta = -90.0 deg | zs = 90.0 m | zr = 30.0 m
# Columns: range_km  TL_dB
0.000000	-41.503443
0.008016	-41.630553
0.016032	-41.932011
0.024048	-42.136665
0.032064	-41.958154
0.040080	-41.339873
0.048096	-40.483389
0.056112	-39.622738
0.064128	-38.890149
0.072144	-38.329159
0.080160	-37.939195
0.088176	-37.703189
0.096192	-37.598659
0.104208	-37.602016
0.112224	-37.692110
0.120240	-37.852484
0.128257	-38.070104
0.136273	-38.332824
0.144289	-38.629892
0.152305	-38.954335
0.160321	-39.302136
0.168337	-39.668679
0.176353	-40.048470
0.184369	-40.438420
0.192385	-40.837768
0.200401	-41.243808
0.208417	-41.651278
0.216433	-42.056766
0.224449	-42.459850
0.232465	-42.857744
0.240481	-43.245906
0.248497	-43.622448
0.256513	-43.990456
0.264529	-44.351133
0.272545	-44.698805
0.280561	-45.050273
0.288577	-45.390245
0.296593	-45.770472
0.304609	-46.065201
0.312625	-46.399663
0.320641	-46.670340
0.328657	-47.137109
0.336673	-47.696781
0.344689	-47.778185
0.352705	-48.160492
0.360721	-48.447203
0.368737	-48.829859
0.376754	-49.153799
0.384770	-49.489060
0.392786	-49.818460
0.400802	-50.144401
0.408818	-50.466482
0.416834	-50.785921
0.424850	-51.098154
0.432866	-51.392165
0.440882	-51.669683
0.448898	-51.935297
0.456914	-52.184198
0.464930	-52.411089
0.472946	-52.624768
0.480962	-52.836099
0.488978	-53.043416
0.496994	-53.245100
0.505010	-53.452565
0.513026	-53.675266
0.521042	-53.907707
0.529058	-54.145484
0.537074	-54.397583
0.545090	-54.668626
0.553106	-54.947176
0.561122	-55.225668
0.569138	-55.512155
0.577154	-55.808716
0.585170	-56.101136
0.593186	-56.383362
0.601202	-56.666611
0.609218	-56.951903
0.617234	-57.222562
0.625251	-57.474253
0.633267	-57.719821
0.641283	-57.956708
0.649299	-58.166035
0.657315	-58.348095
0.665331	-58.519505
0.673347	-58.676704
0.681363	-58.804006
0.689379	-58.910915
0.697395	-59.019133
0.705411	-59.125675
0.713427	-59.219661
0.721443	-59.317176
0.729459	-59.439572
0.737475	-59.579168
0.745491	-59.723265
0.753507	-59.887052
0.761523	-60.086136
0.769539	-60.304455
0.777555	-60.525117
0.785571	-60.762326
0.793587	-61.026007
0.801603	-61.290697
0.809619	-61.536509
0.817635	-61.779664
0.825651	-62.025418
0.833667	-62.241830
0.841683	-62.415150
0.849699	-62.571612
0.857715	-62.715594
0.865731	-62.816381
0.873747	-62.874917
0.881764	-62.927028
0.889780	-62.973921
0.897796	-62.988464
0.905812	-62.983650
0.913828	-62.996193
0.921844	-63.019698
0.929860	-63.028030
0.937876	-63.039238
0.945892	-63.085531
0.953908	-63.152695
0.961924	-63.215217
0.969940	-63.294775
0.977956	-63.419734
0.985972	-63.568885
0.993988	-63.716341
1.002004	-63.886821
1.010020	-64.104564
1.018036	-64.339482
1.026052	-64.564415
1.034068	-64.808315
1.042084	-65.089665
1.050100	-65.365602
1.058116	-65.608485
1.066132	-65.853604
1.074148	-66.110110
1.082164	-66.322770
1.090180	-66.475072
1.098196	-66.616145
1.106212	-66.747467
1.114228	-66.815137
1.122244	-66.829273
1.130261	-66.850832
1.138277	-66.872480
1.146293	-66.849287
1.154309	-66.811115
1.162325	-66.814657
1.170341	-66.839072
1.178357	-66.843453
1.186373	-66.863765
1.194389	-66.945786
1.202405	-67.056029
1.210421	-67.155195
1.218437	-67.283572
1.226453	-67.478800
1.234469	-67.695546
1.242485	-67.895471
1.250501	-68.125468
1.258517	-68.414975
1.266533	-68.703186
1.274549	-68.954807
1.282565	-69.227575
1.290581	-69.537999
1.298597	-69.806722
1.306613	-70.011485
1.314629	-70.224458
1.322645	-70.441775
1.330661	-70.575543
1.338677	-70.637270
1.346693	-70.711253
1.354709	-70.771737
1.362725	-70.744341
1.370741	-70.678095
1.378758	-70.649701
1.386774	-70.613098
1.394790	-70.514322
1.402806	-70.419723
1.410822	-70.383938
1.418838	-70.346732
1.426854	-70.270297
1.434870	-70.224251
1.442886	-70.241889
1.450902	-70.254948
1.458918	-70.238838
1.466934	-70.264027
1.474950	-70.346943
1.482966	-70.414436
1.490982	-70.454672
1.498998	-70.539197
1.507014	-70.668957
1.515030	-70.767854
1.523046	-70.839061
1.531062	-70.955340
1.539078	-71.101976
1.547094	-71.203434
1.555110	-71.280631
1.563126	-71.404772
1.571142	-71.544512
1.579158	-71.629728
1.587174	-71.700042
1.595190	-71.820209
1.603206	-71.942505
1.611222	-72.006976
1.619238	-72.069337
1.627255	-72.181753
1.635271	-72.281669
1.643287	-72.323269
1.651303	-72.374220
1.659319	-72.469703
1.667335	-72.536561
1.675351	-72.546923
1.683367	-72.575429
1.691383	-72.638071
1.699399	-72.658046
1.707415	-72.628570
1.715431	-72.626157
1.723447	-72.649137
1.731463	-72.625336
1.739479	-72.568153
1.747495	-72.550013
1.755511	-72.555079
1.763527	-72.520309
1.771543	-72.473512
1.779559	-72.479002
1.787575	-72.510790
1.795591	-72.514559
1.803607	-72.526116
1.811623	-72.601044
1.819639	-72.705755
1.827655	-72.791915
1.835671	-72.900493
1.843687	-73.080491
1.851703	-73.291107
1.859719	-73.487063
1.867735	-73.714822
1.875752	-74.018116
1.883768	-74.345126
1.891784	-74.650636
1.899800	-74.988682
1.907816	-75.394240
1.915832	-75.794064
1.923848	-76.141212
1.931864	-76.498907
1.939880	-76.878838
1.947896	-77.175311
1.955912	-77.356754
1.963928	-77.504148
1.971944	-77.600793
1.979960	-77.549172
1.987976	-77.386463
1.995992	-77.211945
2.004008	-76.997050
2.012024	-76.690572
2.020040	-76.364923
2.028056	-76.088760
2.036072	-75.818242
2.044088	-75.520712
2.052104	-75.257763
2.060120	-75.067048
2.068136	-74.900162
2.076152	-74.732561
2.084168	-74.616047
2.092184	-74.574612
2.100200	-74.561139
2.108216	-74.556488
2.116232	-74.609023
2.124248	-74.737141
2.132265	-74.893990
2.140281	-75.064264
2.148297	-75.297847
2.156313	-75.609865
2.164329	-75.949480
2.172345	-76.304401
2.180361	-76.729868
2.188377	-77.233816
2.196393	-77.750994
2.204409	-78.270068
2.212425	-78.849292
2.220441	-79.465282
2.228457	-80.011033
2.236473	-80.471850
2.244489	-80.886858
2.252505	-81.159624
2.260521	-81.182470
2.268537	-81.029725
2.276553	-80.766482
2.284569	-80.342675
2.292585	-79.795562
2.300601	-79.246748
2.308617	-78.715473
2.316633	-78.161135
2.324649	-77.620468
2.332665	-77.150052
2.340681	-76.728958
2.348697	-76.322044
2.356713	-75.956626
2.364729	-75.661801
2.372745	-75.410426
2.380762	-75.178281
2.388778	-74.991099
2.396794	-74.866627
2.404810	-74.777520
2.412826	-74.708561
2.420842	-74.686592
2.428858	-74.722515
2.436874	-74.788330
2.444890	-74.876571
2.452906	-75.017264
2.460922	-75.215489
2.468938	-75.440934
2.476954	-75.694666
2.484970	-76.012731
2.492986	-76.393336
2.501002	-76.801393
2.509018	-77.250247
2.517034	-77.786616
2.525050	-78.397492
2.533066	-79.038790
2.541082	-79.745918
2.549098	-80.582570
2.557114	-81.506003
2.565130	-82.448131
2.573146	-83.481235
2.581162	-84.653006
2.589178	-85.750363
2.597194	-86.579335
2.605210	-87.186956
2.613226	-87.335644
2.621242	-86.764445
2.629259	-85.889622
2.637275	-84.998236
2.645291	-83.974649
2.653307	-82.909918
2.661323	-82.028418
2.669339	-81.283881
2.677355	-80.522153
2.685371	-79.805713
2.693387	-79.254478
2.701403	-78.791855
2.709419	-78.300471
2.717435	-77.850396
2.725451	-77.537471
2.733467	-77.281666
2.741483	-76.984564
2.749499	-76.724929
2.757515	-76.590454
2.765531	-76.495278
2.773547	-76.348309
2.781563	-76.239408
2.789579	-76.255229
2.797595	-76.299284
2.805611	-76.280638
2.813627	-76.304989
2.821643	-76.463304
2.829659	-76.642135
2.837675	-76.744917
2.845691	-76.901080
2.853707	-77.211738
2.861723	-77.537092
2.869739	-77.768410
2.877756	-78.072366
2.885772	-78.568790
2.893788	-79.075783
2.901804	-79.462703
2.909820	-79.959472
2.917836	-80.721122
2.925852	-81.493521
2.933868	-82.105779
2.941884	-82.911668
2.949900	-84.145083
2.957916	-85.410172
2.965932	-87.675610
2.973948	-86.949396
2.981964	-88.960954
2.989980	-95.868260
2.997996	-97.465504
3.006012	-95.959297
3.014028	-108.931957
3.022044	-96.187283
3.030060	-91.531276
3.038076	-92.390961
3.046092	-91.269486
3.054108	-86.839149
3.062124	-85.193009
3.070140	-85.740755
3.078156	-85.119312
3.086172	-82.793073
3.094188	-81.823036
3.102204	-82.285466
3.110220	-81.969216
3.118236	-80.409907
3.126253	-79.745914
3.134269	-80.199462
3.142285	-80.071403
3.150301	-78.910024
3.158317	-78.426633
3.166333	-78.905305
3.174349	-78.914906
3.182365	-77.994953
3.190381	-77.634349
3.198397	-78.159251
3.206413	-78.283625
3.214429	-77.522186
3.222445	-77.252811
3.230461	-77.841829
3.238477	-78.072664
3.246493	-77.418305
3.254509	-77.220928
3.262525	-77.893163
3.270541	-78.232070
3.278557	-77.647730
3.286573	-77.509599
3.294589	-78.288867
3.302605	-78.746891
3.310621	-78.200969
3.318637	-78.112741
3.326653	-79.031679
3.334669	-79.632199
3.342685	-79.092244
3.350701	-79.046076
3.358717	-80.152955
3.366733	-80.497492
3.374749	-80.892226
3.382766	-80.475115
3.390782	-80.866915
3.398798	-82.191385
3.406814	-82.719129
3.414830	-82.297615
3.422846	-82.838163
3.430862	-84.533261
3.438878	-85.277564
3.446894	-84.801802
3.454910	-85.537414
3.462926	-87.876805
3.470942	-89.085003
3.478958	-88.427167
3.486974	-89.368802
3.494990	-92.900922
3.503006	-95.725990
3.511022	-94.312030
3.519038	-94.449055
3.527054	-97.000731
3.535070	-101.422706
3.543086	-99.882537
3.551102	-94.366473
3.559118	-92.048702
3.567134	-92.487570
3.575150	-92.700950
3.583166	-89.750951
3.591182	-87.834663
3.599198	-87.972644
3.607214	-88.189248
3.615230	-86.446369
3.623246	-85.109820
3.631263	-85.255927
3.639279	-85.440040
3.647295	-84.211505
3.655311	-83.246095
3.663327	-83.437290
3.671343	-83.597842
3.679359	-82.644425
3.687375	-81.928837
3.695391	-82.168615
3.703407	-82.311728
3.711423	-81.527898
3.719439	-80.994505
3.727455	-81.281141
3.735471	-81.409640
3.743487	-80.740492
3.751503	-80.349657
3.759519	-80.680912
3.767535	-80.795384
3.775551	-80.209072
3.783567	-79.936630
3.791583	-80.310608
3.799599	-80.410183
3.807615	-79.887022
3.815631	-79.718200
3.823647	-80.133600
3.831663	-80.216507
3.839679	-79.743980
3.847695	-79.670286
3.855711	-80.126638
3.863727	-80.190576
3.871743	-79.760682
3.879760	-79.778069
3.887776	-80.275752
3.895792	-80.317914
3.903808	-79.925602
3.911824	-80.033427
3.919840	-80.573681
3.927856	-80.590660
3.935872	-80.232965
3.943888	-80.433648
3.951904	-81.018912
3.959920	-81.006638
3.967936	-80.682122
3.975952	-80.981285
3.983968	-81.615930
3.991984	-81.569471
4.000000	-81.277549
